1:   1,   2,   3,   4,   5,   6,   7,   8,   9,   10,  11,  12,  13,  14,  15
2:   1,   3,   4,   5,   6,   7,   8,   9,   10,  11,  12,  13,  14,  15,  16
3:   1,   4,   5,   6,   7,   8,   9,   10,  11,  12,  13,  14,  15,  16,  17
4:   1,   5,   6,   7,   8,   9,   10,  11,  12,  13,  14,  15,  16,  17,  18
5:   1,   6,   7,   8,   9,   10,  11,  12,  13,  14,  15,  16,  17,  18,  19
6:   1,   7,   8,   9,   10,  11,  12,  13,  14,  15,  16,  17,  18,  19,  20
7:   1,   8,   9,   10,  11,  12,  13,  14,  15,  16,  17,  18,  19,  20,  21
8:   2,   1,   10,  11,  12,  13,  14,  15,  16,  17,  18,  19,  20,  21,  22
9:   2,   1,   11,  12,  13,  14,  15,  16,  17,  18,  19,  20,  21,  22,  23
10:  2,   1,   12,  13,  14,  15,  16,  17,  18,  19,  20,  21,  22,  23,  24
11:  2,   1,   13,  14,  15,  16,  17,  18,  19,  20,  21,  22,  23,  24,  25
12:  2,   1,   14,  15,  16,  17,  18,  19,  20,  21,  22,  23,  24,  25,  26
13:  3,   14,  1,   16,  17,  18,  19,  20,  21,  22,  23,  24,  25,  26,  27
14:  3,   15,  1,   17,  18,  19,  20,  21,  22,  23,  24,  25,  26,  27,  28
15:  3,   16,  1,   18,  19,  20,  21,  22,  23,  24,  25,  26,  27,  28,  29
16:  3,   17,  1,   19,  20,  21,  22,  23,  24,  25,  26,  27,  28,  29,  30
17:  4,   18,  19,  1,   21,  22,  23,  24,  25,  26,  27,  28,  29,  30,  31
18:  4,   19,  20,  1,   22,  23,  24,  25,  26,  27,  28,  29,  30,  31,  32
19:  4,   20,  21,  1,   23,  24,  25,  26,  27,  28,  29,  30,  31,  32,  33
20:  4,   21,  22,  1,   24,  25,  26,  27,  28,  29,  30,  31,  32,  33,  34
21:  5,   22,  23,  24,  1,   26,  27,  28,  29,  30,  31,  32,  33,  34,  35
22:  5,   23,  24,  25,  1,   27,  28,  29,  30,  31,  32,  33,  34,  35,  36
23:  5,   24,  25,  26,  1,   28,  29,  30,  31,  32,  33,  34,  35,  36,  37
24:  6,   25,  26,  27,  28,  1,   30,  31,  32,  33,  34,  35,  36,  37,  38
25:  6,   26,  27,  28,  29,  1,   31,  32,  33,  34,  35,  36,  37,  38,  39
26:  6,   27,  28,  29,  30,  1,   32,  33,  34,  35,  36,  37,  38,  39,  40
27:  7,   28,  29,  30,  31,  32,  1,   34,  35,  36,  37,  38,  39,  40,  41
28:  7,   29,  30,  31,  32,  33,  1,   35,  36,  37,  38,  39,  40,  41,  42
29:  8,   30,  31,  32,  33,  34,  35,  1,   37,  38,  39,  40,  41,  42,  43
30:  8,   31,  32,  33,  34,  35,  36,  1,   38,  39,  40,  41,  42,  43,  44
31:  9,   32,  33,  34,  35,  36,  37,  38,  1,   40,  41,  42≤  43,  44,  45
32:  9,   33,  34,  35,  36,  37,  38,  39,  1,   41,  42,  43,  44,  45,  46
33:  10,  34,  35,  36,  37,  38,  39,  40,  41,  1,   43,  44,  45,  46,  47
34:  10,  35,  36,  37,  38,  39,  40,  41,  42,  1,   44,  45,  46,  47,  48
35:  11,  36,  37,  38,  39,  40,  41,  42,  43,  44,  1,   46,  47,  48,  49
36:  11,  37,  38,  39,  40,  41,  42,  43,  44,  45,  1,   47,  48,  49,  50
37:  12,  38,  39,  40,  41,  42,  43,  44,  45,  46,  47,  1,   49,  50,  51
38:  13,  39,  40,  41,  42,  43,  44,  45,  46,  47,  48,  49,  1,   51,  52
39:  14,  40,  41,  42,  43,  44,  45,  46,  47,  48,  49,  50,  51,  1,   53
40:  15,  41,  42,  43,  44,  45,  46,  47,  48,  49,  50,  51,  52,  53,  1 
41:  2,     ,    ,    ,    ,    ,    ,    ,    ,    ,    ,    ,    ,    ,                                            
42:  2,     ,    ,    ,    ,    ,    ,    ,    ,    ,    ,    ,    ,    ,
43:   ,    2,    ,    ,    ,    ,    ,    ,    ,    ,    ,    ,    ,    , 
44:   ,    2,    ,    ,    ,    ,    ,    ,    ,    ,    ,    ,    ,    ,
45:   ,    2,    ,    ,    ,    ,    ,    ,    ,    ,    ,    ,    ,    ,
46:   ,    2,    ,    ,    ,    ,    ,    ,    ,    ,    ,    ,    ,    ,
47:   ,    2,    ,    ,    ,    ,    ,    ,    ,    ,    ,    ,    ,    ,  
48:  3,    2,    ,    ,    ,    ,    ,    ,    ,    ,    ,    ,    ,    ,
49:   ,    2,    ,    ,    ,    ,    ,    ,    ,    ,    ,    ,    ,    ,
50:   ,    2,    ,    ,    ,    ,    ,    ,    ,    ,    ,    ,    ,    ,
51:   ,    2,    ,    ,    ,    ,    ,    ,    ,    ,    ,    ,    ,    ,
52:  3,     ,   2,    ,    ,    ,    ,    ,    ,    ,    ,    ,    ,    ,
53:   ,     ,   2,    ,    ,    ,    ,    ,    ,    ,    ,    ,    ,    ,
54:   ,     ,   2,    ,    ,    ,    ,    ,    ,    ,    ,    ,    ,    ,
55:   ,     ,   2,    ,    ,    ,    ,    ,    ,    ,    ,    ,    ,    ,
56:   ,     ,    ,   2,    ,    ,    ,    ,    ,    ,    ,    ,    ,    ,
58:   ,     ,    ,   2,    ,    ,    ,    ,    ,    ,    ,    ,    ,    ,
59:   ,     ,    ,   2,    ,    ,    ,    ,    ,    ,    ,    ,    ,    , 
60:  3,     ,    ,    ,   2,    ,    ,    ,    ,    ,    ,    ,    ,    , 
61:   ,     ,    ,    ,   2,    ,    ,    ,    ,    ,    ,    ,    ,    , 
62:   ,     ,    ,    ,   2,    ,    ,    ,    ,    ,    ,    ,    ,    , 
63:   ,     ,    ,    ,    ,   2,    ,    ,    ,    ,    ,    ,    ,    ,
64:   ,     ,    ,    ,    ,   2,    ,    ,    ,    ,    ,    ,    ,    ,
65:   ,     ,    ,    ,    ,   2,    ,    ,    ,    ,    ,    ,    ,    ,
66:   ,     ,    ,    ,    ,    ,   2,    ,    ,    ,    ,    ,    ,    ,
67:   ,     ,    ,    ,    ,    ,   2,    ,    ,    ,    ,    ,    ,    ,
68:   ,     ,    ,    ,    ,    ,    ,   2,    ,    ,    ,    ,    ,    ,
69:   ,     ,    ,    ,    ,    ,    ,   2,    ,    ,    ,    ,    ,    ,
70:   ,     ,    ,    ,    ,    ,    ,    ,   2,    ,    ,    ,    ,    ,
71:   ,     ,    ,    ,    ,    ,    ,    ,   2,    ,    ,    ,    ,    ,
72:   ,     ,    ,    ,    ,    ,    ,    ,    ,   2,    ,    ,    ,    ,
73:   ,     ,    ,    ,    ,    ,    ,    ,    ,    ,   2,    ,    ,    ,
74:   ,     ,    ,    ,    ,    ,    ,    ,    ,    ,    ,    ,    ,    ,   
75:   ,     ,    ,    ,    ,    ,    ,    ,    ,    ,    ,    ,    ,    ,   
76:   ,     ,    ,    ,    ,    ,    ,    ,    ,    ,    ,    ,    ,    ,    
77:  3,     ,            
78:        3,             
79:        3,            
80:        3,            
81:        3,             
82:        3,               
83:          3           
84:          3           
85:          3           
86:          3           
87:              3       
88:              3       
89:              3       
90:              3   
91:                  3   
92:                  3   
93:                  3
94:                      3
95:                      3
96:                      3
97:                          3
98:                          3
99:                              3
100:                             3
101:                                 3
102:                                 3
103:                                     3
104:                                         3